
load ./model_1.pdb

set_view (\
     0.599015594,   -0.033475991,   -0.800034821,\
     0.001563766,    0.999171674,   -0.040636037,\
     0.800736785,    0.023088587,    0.598572433,\
    -0.000023380,    0.000080887, -311.091522217,\
   -23.161323547,   -4.897098541,  -21.675985336,\
  -10184.497070312, 10806.663085938,  -20.000000000 )

set bg_rgb, white 
show surface
hide surface, lig_1.pdb
set transparency, 0.0
show cartoon, rec

set antialias, 2
set hash_max, 220
set ray_shadows,0
png model1r1.png, width=55cm, height=55cm, dpi=300, ray=1200,1200

# 180 degree rotation

set_view (\
    -0.699680567,   -0.353625149,    0.620799839,\
     0.036005698,    0.850358725,    0.524968684,\
    -0.713549316,    0.389661342,   -0.582249641,\
    -0.000023380,    0.000080887, -311.091522217,\
   -23.161323547,   -4.897098541,  -21.675985336,\
  -10184.497070312, 10806.663085938,  -20.000000000 )

png model1r2.png, width=55cm, height=55cm, dpi=300, ray=1200,1200

#90 degree rotation

set_view (\
    -0.554118752,   -0.109175287,   -0.825242162,\
    -0.476250142,    0.854664207,    0.206715286,\
     0.682742596,    0.507566810,   -0.525584638,\
    -0.000023380,    0.000080887, -276.149902344,\
   -23.161323547,   -4.897098541,  -21.675985336,\
  -23845.277343750, 24397.560546875,  -20.000000000 )
  
png model1r3.png, width=55cm, height=55cm, dpi=300, ray=1200,1200
quit
